w1 = -2.6217816130573808
b1 = 0.70293192896881
w2 = 2.8332947711782204
b2 = -0.9863720158909778
w3 = 2.748834281155135
b3 = -0.9591550687386554