w1 = 0.0
b1 = 0.0
w2 = 0.0
b2 = 0.5084437748976883
w3 = 0.0
b3 = 0.49155622510231156