w1 = 2.6466607185726234
b1 = -1.1668268481427955
w2 = -2.6908470627064456
b2 = 0.7377450114600493
w3 = 2.982225508806183
b3 = -0.5647583508603986